2.388825195312500000e+03 7.863632812500000000e+02
2.385870117187500000e+03 8.049896240234375000e+02
2.410200927734375000e+03 7.867688598632812500e+02
2.421147705078125000e+03 7.864541015625000000e+02
2.413392333984375000e+03 8.044311523437500000e+02
2.404936279296875000e+03 7.862665405273437500e+02
2.399071777343750000e+03 7.871421508789062500e+02
2.423985107421875000e+03 7.870704345703125000e+02
2.388514404296875000e+03 8.025300292968750000e+02
2.429449462890625000e+03 7.872457275390625000e+02
2.418301269531250000e+03 8.013779296875000000e+02
2.415757324218750000e+03 7.863346557617187500e+02
2.430394775390625000e+03 7.890661010742187500e+02
2.413248291015625000e+03 7.863007202148437500e+02
2.418634033203125000e+03 7.864059448242187500e+02
2.416592041015625000e+03 8.031234130859375000e+02
2.407407958984375000e+03 7.867222290039062500e+02
2.426536621093750000e+03 7.866270751953125000e+02
2.417181884765625000e+03 8.002355346679687500e+02
2.402426269531250000e+03 7.859929199218750000e+02
2.388496093750000000e+03 8.028971557617187500e+02
2.404977539062500000e+03 7.860708618164062500e+02
2.410227539062500000e+03 7.862937622070312500e+02
2.399263916015625000e+03 7.871013183593750000e+02
2.424058349609375000e+03 7.866086425781250000e+02
2.385903564453125000e+03 8.052637329101562500e+02
2.429505615234375000e+03 7.866912841796875000e+02
2.418153564453125000e+03 7.864165649414062500e+02
2.399293701171875000e+03 7.870494384765625000e+02
2.339588378906250000e+03 8.026426391601562500e+02
2.422283447265625000e+03 8.030763549804687500e+02
2.383080566406250000e+03 8.045935668945312500e+02
2.388903808593750000e+03 7.783302612304687500e+02
2.379217529296875000e+03 8.071135864257812500e+02
2.416556396484375000e+03 8.013151855468750000e+02
2.416238037109375000e+03 8.072344970703125000e+02
2.373021728515625000e+03 8.115959472656250000e+02
2.375116943359375000e+03 8.070665283203125000e+02
2.351785888671875000e+03 8.022631225585937500e+02
2.386900878906250000e+03 8.103374633789062500e+02
2.381556884765625000e+03 8.072567749023437500e+02
2.404765380859375000e+03 7.884245605468750000e+02
2.428854736328125000e+03 7.889826049804687500e+02
2.422987060546875000e+03 8.069343872070312500e+02
2.416007568359375000e+03 8.066997070312500000e+02
2.380877929687500000e+03 8.071282348632812500e+02
2.422477294921875000e+03 8.072864379882812500e+02
2.416357177734375000e+03 8.012705078125000000e+02
2.416264404296875000e+03 8.063394165039062500e+02
2.416261962890625000e+03 8.074085693359375000e+02
2.428899169921875000e+03 8.034179687500000000e+02
2.428712890625000000e+03 7.889689331054687500e+02
2.416351074218750000e+03 8.077886352539062500e+02
